X,Y
0.013289587061708463, 0.24610591900311518
0.11993769470405002, 0.2710280373831777
0.21588122224431627, 0.28971962616822444
0.29044873069530075, 0.2990654205607477
0.3862928348909662, 0.3084112149532712
0.4928083780738386, 0.3208722741433023
0.5992576390269768, 0.3271028037383179
0.6951017432226418, 0.33644859813084116
0.8121893020481208, 0.34267912772585674
0.8867899516139723, 0.3551401869158879
1.0039106515543184, 0.36448598130841114
1.1316696493670046, 0.3738317757009346
1.2487903493073502, 0.3831775700934581
1.3765824882349045, 0.39563862928348925
1.5043083449327237, 0.40186915887850483
1.6214290448730693, 0.4112149532710281
1.7598594816729638, 0.42367601246105924
1.866275601511235, 0.42679127725856714
1.9727911446941078, 0.4392523364485982
2.0898787035195867, 0.44548286604361387
2.1857228077152517, 0.4548286604361371
2.30281036654073, 0.4610591900311527
2.398621329621528, 0.4672897196261684
2.526380327434214, 0.47663551401869164
2.6221912905150124, 0.4828660436137072
2.7073639557234705, 0.4890965732087228
2.803174918804268, 0.4953271028037385
2.8989858818850665, 0.5015576323987541
3.037350036455226, 0.5077881619937695
3.1437992974083646, 0.5140186915887851
3.25028169947637, 0.5233644859813086
3.37800755617419, 0.529595015576324
3.4844899582421953, 0.5389408099688474
3.6122158149400145, 0.5451713395638631
3.6973884801484718, 0.5514018691588787
3.8038377411016113, 0.5576323987538941
3.8996155630675404, 0.5607476635514019
4.02734141976536, 0.5669781931464176
4.133823821833365, 0.5763239875389409
4.22956850268443, 0.5763239875389409
4.304069728905681, 0.5794392523364487
4.431795585603499, 0.5856697819314642
